00000000
00000001
00000002
00000003
00000004
00000005
00000006
00000007
00000008
00000009
00000010
00000011
00000012
00000013
00000014
00000015
00000016
00000017
00000018
00000019
00000020
00000021
00000022
00000023
00000024
00000025
00000026
00000027
00000028
00000029
00000030
00000031
00000032
00000033
00000034
00000035
00000036
00000037
00000038
00000039
00000040
00000041
00000042
00000043
00000044
00000045
00000046
00000047
00000048
00000049
00000050
00000051
00000052
00000053
00000054
00000055
00000056
00000057
00000058
00000059
00000060
00000061
00000062
00000063
00000064
00000065
00000066
00000067
00000068
00000069
00000070
00000071
00000072
00000073
00000074
00000075
00000076
00000077
00000078
00000079
00000080
00000081
00000082
00000083
00000084
00000085
00000086
00000087
00000088
00000089
00000090
00000091
00000092
00000093
00000094
00000095
00000096
00000097
00000098
00000099
00000100
00000101
00000102
00000103
00000104
00000105
00000106
00000107
00000108
00000109
00000110
00000111
00000112
00000113
00000114
00000115
00000116
00000117
00000118
00000119
00000120
00000121
00000122
00000123
00000124
00000125
00000126
00000127
00000128
00000129
00000130
00000131
00000132
00000133
00000134
00000135
00000136
00000137
00000138
00000139
00000140
00000141
00000142
00000143
00000144
00000145
00000146
00000147
00000148
00000149
00000150
00000151
00000152
00000153
00000154
00000155
00000156
00000157
00000158
00000159
00000160
00000161
00000162
00000163
00000164
00000165
00000166
00000167
00000168
00000169
00000170
00000171
00000172
00000173
00000174
00000175
00000176
00000177
00000178
00000179
00000180
00000181
00000182
00000183
00000184
00000185
00000186
00000187
00000188
00000189
00000190
00000191
00000192
00000193
00000194
00000195
00000196
00000197
00000198
00000199
00000200
00000201
00000202
00000203
00000204
00000205
00000206
00000207
00000208
00000209
00000210
00000211
00000212
00000213
00000214
00000215
00000216
00000217
00000218
00000219
00000220
00000221
00000222
00000223
00000224
00000225
00000226
00000227
00000228
00000229
00000230
00000231
00000232
00000233
00000234
00000235
00000236
00000237
00000238
00000239
00000240
00000241
00000242
00000243
00000244
00000245
00000246
00000247
00000248
00000249
00000250
00000251
00000252
00000253
00000254
00000255
00000256
00000257
00000258
00000259
00000260
00000261
00000262
00000263
00000264
00000265
00000266
00000267
00000268
00000269
00000270
00000271
00000272
00000273
00000274
00000275
00000276
00000277
00000278
00000279
00000280
00000281
00000282
00000283
00000284
00000285
00000286
00000287
00000288
00000289
00000290
00000291
00000292
00000293
00000294
00000295
00000296
00000297
00000298
00000299
00000300
00000301
00000302
00000303
00000304
00000305
00000306
00000307
00000308
00000309
00000310
00000311
00000312
00000313
00000314
00000315
00000316
00000317
00000318
00000319
00000320
00000321
00000322
00000323
00000324
00000325
00000326
00000327
00000328
00000329
00000330
00000331
00000332
00000333
00000334
00000335
00000336
00000337
00000338
00000339
00000340
00000341
00000342
00000343
00000344
00000345
00000346
00000347
00000348
00000349
00000350
00000351
00000352
00000353
00000354
00000355
00000356
00000357
00000358
00000359
00000360
00000361
00000362
00000363
00000364
00000365
00000366
00000367
00000368
00000369
00000370
00000371
00000372
00000373
00000374
00000375
00000376
00000377
00000378
00000379
00000380
00000381
00000382
00000383
00000384
00000385
00000386
00000387
00000388
00000389
00000390
00000391
00000392
00000393
00000394
00000395
00000396
00000397
00000398
00000399
00000400
00000401
00000402
00000403
00000404
00000405
00000406
00000407
00000408
00000409
00000410
00000411
00000412
00000413
00000414
00000415
00000416
00000417
00000418
00000419
00000420
00000421
00000422
00000423
00000424
00000425
00000426
00000427
00000428
00000429
00000430
00000431
00000432
00000433
00000434
00000435
00000436
00000437
00000438
00000439
00000440
00000441
00000442
00000443
00000444
00000445
00000446
00000447
00000448
00000449
00000450
00000451
00000452
00000453
00000454
00000455
00000456
00000457
00000458
00000459
00000460
00000461
00000462
00000463
00000464
00000465
00000466
00000467
00000468
00000469
00000470
00000471
00000472
00000473
00000474
00000475
00000476
00000477
00000478
00000479
